// File Written on 2020-11-14 19:10:49.935591
D4_05:		2.20225e-02	6.90216e-03	7.38238e-03	9.99278e-01	9.10371e-01	9.94206e-01
D4_10:		1.70815e-02	6.34427e-03	6.37838e-03	9.99566e-01	9.24274e-01	9.95675e-01
D4_15:		1.82103e-02	6.48420e-03	6.86182e-03	9.99506e-01	9.20897e-01	9.94994e-01

// ------------------------------------------------- //
